      1           2           3           4           5
     15.07       12.33       11.76        0.02        0.00  
      B1G         B3G         B2G         B2U         B1U 
   1.93932     1.00795     2.38792     4.67203     4.67192
   0.00000     0.00000     0.00000     0.00000     0.00000

 -0.00000001  0.00000000  0.00000000 -0.00270812 -0.00001247
  0.14781171  0.00000000  0.00000000  0.18885808 -0.00000003
  0.00000000 -0.00233688 -0.16213918 -0.00000015  0.18887688
  0.00000001  0.00000000  0.00000000 -0.00270812 -0.00001247
 -0.14781171  0.00000000  0.00000000  0.18885808 -0.00000003
  0.00000000  0.00233688  0.16213918 -0.00000015  0.18887688
 -0.20540977  0.00000000  0.00000000 -0.00271639 -0.00001247
 -0.27530671  0.00000000  0.00000000  0.18885254 -0.00000003
  0.00000000 -0.49364388  0.30966298 -0.00000015  0.18887561
 -0.20540976  0.00000000  0.00000000 -0.00269985 -0.00001247
  0.27530667  0.00000000  0.00000000  0.18885250 -0.00000003
  0.00000000 -0.50236299 -0.29530785 -0.00000015  0.18887556
  0.20540976  0.00000000  0.00000000 -0.00269985 -0.00001247
 -0.27530667  0.00000000  0.00000000  0.18885250 -0.00000003
  0.00000000  0.50236299  0.29530785 -0.00000015  0.18887556
  0.20540977  0.00000000  0.00000000 -0.00271639 -0.00001247
  0.27530671  0.00000000  0.00000000  0.18885254 -0.00000003
  0.00000000  0.49364388 -0.30966298 -0.00000015  0.18887561

  0.00000000  0.00000000  0.00000000 -0.07591213 -0.00034946
  0.00000000  0.00000000  0.00000000  5.29391512 -0.00000070
  0.00000000  0.00000000  0.00000000 -0.00000431  5.29445936
  0.00000000  0.00000000  0.00000000  5.29445937  5.29445937

  0.00000000 -3.50478771  0.05051337  0.00000000  0.00000000
  0.00000000  0.11171855  7.75140936  0.00000000  0.00000000
  8.50781589  0.00000000  0.00000000  0.00000000  0.00000000
  8.50781589  3.50656783  7.75157394  0.00000000  0.00000000

      6           7           8           9          10
      0.00      829.78      954.10      973.55     1068.09  
      B3U         B2U         B2G         B1U         AU  
   4.67187     1.04270     1.52227     1.16073     1.00783
   0.00000     0.01756     0.00000     1.95761     0.00000

  0.18885721  0.00000005  0.00000000  0.00000000  0.00000000
  0.00270812  0.03900516  0.00000000  0.00000000  0.00000000
  0.00001247  0.00000000 -0.12398424 -0.07740923 -0.00000002
  0.18885721  0.00000005  0.00000000  0.00000000  0.00000000
  0.00270812  0.03900516  0.00000000  0.00000000  0.00000000
  0.00001247  0.00000000  0.12398424 -0.07740923 -0.00000002
  0.18885769 -0.43019314  0.00000000  0.00000000  0.00000000
  0.00270849 -0.23223953  0.00000000  0.00000000  0.00000000
  0.00001247  0.00000000 -0.39565445  0.46085236  0.49805520
  0.18885774  0.43019328  0.00000000  0.00000000  0.00000000
  0.00270779 -0.23223956  0.00000000  0.00000000  0.00000000
  0.00001247  0.00000000  0.39565461  0.46085248 -0.49805511
  0.18885774  0.43019328  0.00000000  0.00000000  0.00000000
  0.00270779 -0.23223956  0.00000000  0.00000000  0.00000000
  0.00001247  0.00000000 -0.39565461  0.46085248 -0.49805511
  0.18885769 -0.43019314  0.00000000  0.00000000  0.00000000
  0.00270849 -0.23223953  0.00000000  0.00000000  0.00000000
  0.00001247  0.00000000  0.39565445  0.46085236  0.49805520

  5.29391511  0.00000139  0.00000000  0.00000000  0.00000000
  0.07591213 -0.00010351  0.00000000  0.00000000  0.00000000
  0.00034944  0.00000000  0.00000000  0.00001282 -0.00000026
  5.29445937  0.00010352  0.00000000  0.00001282  0.00000026

  0.00000000  0.00000000  0.00000059  0.00000000  0.00000000
  0.00000000  0.00000000  0.00558196  0.00000000  0.00000000
  0.00000000  0.00000000  0.00000000  0.00000000  0.00000000
  0.00000000  0.00000000  0.00558196  0.00000000  0.00000000

     11          12          13          14          15
   1246.44     1394.13     1489.07     1717.08     3149.26  
      B1G         AG          B3U         AG          B3U 
   1.52617     1.22123     1.11204     3.15037     1.04766
   0.00000     0.00000     0.12386     0.00000     0.44542

  0.00000001 -0.08915528 -0.06529069 -0.17588447  0.04158621
 -0.12429415  0.00000000 -0.00000001 -0.00000002 -0.00000001
  0.00000000  0.00000000  0.00000000  0.00000000  0.00000000
 -0.00000001  0.08915528 -0.06529069  0.17588447  0.04158621
  0.12429415  0.00000000 -0.00000001  0.00000002 -0.00000001
  0.00000000  0.00000000  0.00000000  0.00000000  0.00000000
 -0.37785507  0.41135550  0.38870104 -0.13460672 -0.24758009
 -0.11536872  0.17754977  0.26756645 -0.21393698  0.42007992
  0.00000000  0.00000000  0.00000000  0.00000000  0.00000000
 -0.37785511 -0.41135547  0.38870098  0.13460665 -0.24758007
  0.11536879  0.17754975 -0.26756647 -0.21393703 -0.42007990
  0.00000000  0.00000000  0.00000000  0.00000000  0.00000000
  0.37785511  0.41135547  0.38870098 -0.13460665 -0.24758007
 -0.11536879 -0.17754975 -0.26756647  0.21393703 -0.42007990
  0.00000000  0.00000000  0.00000000  0.00000000  0.00000000
  0.37785507 -0.41135550  0.38870104  0.13460672 -0.24758009
  0.11536872 -0.17754977  0.26756645  0.21393698  0.42007992
  0.00000000  0.00000000  0.00000000  0.00000000  0.00000000

  0.00000000  0.00000000 -0.00000619  0.00000000 -0.00000042
  0.00000000  0.00000000 -0.00000024  0.00000000 -0.00000020
  0.00000000  0.00000000  0.00000000  0.00000000  0.00000000
  0.00000000  0.00000000  0.00000619  0.00000000  0.00000046

  0.00000000  0.00000000  0.00000000  0.00000000  0.00000000
  0.00000000  0.00000000  0.00000000  0.00000000  0.00000000
 -0.00307055 -0.00000010  0.00000000 -0.00000071  0.00000000
  0.00307055  0.00000010  0.00000000  0.00000071  0.00000000

     16          17          18
   3164.68     3219.13     3245.25  
      AG          B1G         B2U 
   1.07350     1.11492     1.11767
   0.00000     0.00000     0.80000

  0.05275090 -0.00000001 -0.00000002
  0.00000000 -0.06610090 -0.06686221
  0.00000000  0.00000000  0.00000000
 -0.05275090  0.00000001 -0.00000002
  0.00000000  0.06610090 -0.06686221
  0.00000000  0.00000000  0.00000000
  0.24642776  0.25117982 -0.25098354
 -0.41323840 -0.39869189  0.39805919
  0.00000000  0.00000000  0.00000000
 -0.24642777  0.25117981  0.25098356
 -0.41323841  0.39869187  0.39805921
  0.00000000  0.00000000  0.00000000
  0.24642777 -0.25117981  0.25098356
  0.41323841 -0.39869187  0.39805921
  0.00000000  0.00000000  0.00000000
 -0.24642776 -0.25117982 -0.25098354
  0.41323840  0.39869189  0.39805919
  0.00000000  0.00000000  0.00000000

  0.00000000  0.00000000 -0.00000036
  0.00000000  0.00000000  0.00000294
  0.00000000  0.00000000  0.00000000
  0.00000000  0.00000000  0.00000296

  0.00000000  0.00000000  0.00000000
  0.00000000  0.00000000  0.00000000
 -0.00000011  0.00266479  0.00000000
  0.00000011  0.00266479  0.00000000
